INDEX ,

LOCORUM QUUM mvn, QUI EXTRA ORDINEM ATTINGUN·
ΤΠΒ, TUM ALIORUM scfflPToRUM, DE QUIBUS
blsPUTATUR.¹) ’

Ι. bivii. Lib. V, 8, 18 p. 44 1.112,101).
631 13, 6 11331 18, 7 p. 26611701
Ρ1161. 31144161). 13. 18,121). 6311191). 126162,11
Lib Ῑ, 1,1613,111).4414,411461 p. 34. ⁴
6,6 619,611 441 11, 911461 Lib. VI, 2,61). 3019161) 63.’
14,411.121.1 17, 1 6123, 661 Lib. vn, 14, lp. 321 14,81). 2231
26,21).46126,61).9193,111101.1 16,11).19121,61).83129,11).
41211161 10, 1411811662 16131111). 1231 97,21). 36 n.
1191661111 16. Lib. VIII, 11,61). 71 18,7 1129.
1111).Π,2,11).141.111,961131).611 Lib. ῙΧ,2,9618, 71). 10114,6 11671
161111 p. 941 27,91). 281 3011 16, 861 19,4 61 30, 8 p. 16137,
p 16134,21).621 36,6,1167137,8 11 11129 n.; 42, 111). 232.
1163140,811141.142,61129143 Lib. Χ, 1, 9 p. 1841 19, 3 1). 301
66461).62148,1111231.1 66, 14,91).1271.118,121).10126,

ip. 1811191381111116 6111111 1111111911 111

61214 1. p. 19 n.; 32, 41). 181 36, 171). 341
Lib. ΙΠ, 13, 8 p. 111 17, 31). 821 36,11). 10137, 16 p. 17.
22, 611 671 2641144 n.; 34,6 Lib.XXI‚ 26, 3 111701 44, 8 1). 671
6196, 61). 11;37,1).611361 40, 46,81).262147,61).270166,10
7 1). 121 40,111).111 41, 46144,4 p. 148.
11211.142,61).296148,16149, Lib. ΧΧΙΙ, 16,7 112621 29, 911
31112160,141).81.166,81).671 2471 2116119191 28,4112431
67, 101163162,21).211. 66171). 284138, 2112901668
Lib IV. 1, 61) 26214,31).44 n.; 1163167, 611913160, 11 11176.
61111371 13, 10113691 20,9 11111ΧΧΠ1,1,31163110,1112641
111221 24, 2 p. 24 n.; 301161). 12,1611313123,21183133, 121).
62142,11).83147,71).44 1. 2471 41141). 12711 48, 3 p. 818.

-.-.-——

11166216661611, qni punitorum 6166111611 1611611 1166161111, 11616611 661-
66616 1161116 vinum 661. 7611611 6611616161 6611, qui 611 libro 661611, 6111116-
161 61166 66111111 1661 1166161161, 161 1611116161611611 6611611, 1661161116 initio
661616, qni principum disputandi 6661611 6666111, 6616111 (611611 11 16166 161-
1161) 61 1616116166 116616 61 1116116166. Interdum 11116111 1161116111 6166116116
1116 61 611616 611661 6 proximi· 66111111166166111111.

 

